




safari
actual
safari
apple-only


























































































'&quot;');




1







I'm



},
unitMap[unit];

Date(timestamp


a
(a
/
/






















































+










#rank
7.480
7.480
7.480
7.480
7.480
7.480
7.480
7.480
7.480
7.480
7.480
7.480
7.480
7.480
7.480
7.480
7.480
7.480
7.480
7.480
7.480
7.480
7.480
7.480
7.480
7.480
7.480
7.480
7.480
7.480
7.480
7.480
7.480
7.480
7.480
7.480
7.480
7.480
7.480
7.480
7.480
7.480
7.480
7.480
7.480
7.480
7.480
7.480
7.480
7.480
7.480
7.480
7.480
7.480
7.480
7.480
7.480
7.480
7.480
7.480
7.480
7.480
7.480
7.480
7.480
7.480
7.480
7.480
7.480
7.480
7.480
7.480
7.480
7.480
7.480
7.480
7.480
7.480
7.480
7.480
7.480
7.480
7.480
7.480
7.480
7.480
7.480
7.480
7.480
7.480
7.480
7.480
7.480
7.480
7.480
7.480
7.480
7.480
7.480
7.480
7.480
7.480
7.480
7.480
7.480
7.480
7.480
7.480
7.480
7.480
7.480
7.480
7.480
7.480
7.480
7.480
7.480
7.480
7.480
7.480
7.480
7.480
7.480
7.480
7.480
7.480
7.480
7.480
7.480
7.480
7.480
7.480
7.480
7.480
7.480
7.480
7.481
7.481
7.481
7.481
7.481
7.481
7.481
7.481
7.481
7.481
7.481
7.481
7.481
7.481
7.481
7.481
7.481
7.481
7.481
7.481
7.481
7.481
7.481
7.481
7.481
7.481
7.481
7.481
7.481
7.481
7.481
7.481
7.481
7.481
7.481
7.481
7.481
7.481
7.481
7.481
7.481
7.481
7.481
7.481
7.481
7.481
7.481
7.481
7.481
7.481
7.481
7.481
7.481
7.481
7.481
7.481
7.481
7.481
7.481
7.481
7.481
7.481
7.481
7.481
7.481
7.481
7.481
7.481
7.481
7.481
7.481
7.481
7.481
7.481
7.481
7.481
7.481
7.481
7.481
7.481
7.481
7.481
7.481
7.481
7.481
7.481
7.481
7.481
7.481
7.481
7.481
7.481
7.481
7.481
7.481
7.481
7.481
7.481
7.481
7.481
7.481
7.481
7.481
7.481
7.481
7.481
7.481
7.481
7.481
7.481
7.481
7.481
7.481
7.481
7.481
7.481
7.481
7.481
7.481
7.481
7.481
7.481
7.481
7.481
7.481
7.481
7.481
7.481
7.481
7.481
7.481
7.481
7.481
7.481
7.481
7.481
7.481
7.481
7.481
7.481
7.481
7.481
7.481
7.481
7.481
7.481
7.481
7.481
7.481
7.481
7.481
7.481
7.481
7.481
7.481
7.481
7.481
7.481
7.481
7.481
7.481
7.481
7.481
7.481
7.481
7.481
7.481
7.481
7.481
7.481
7.481
7.481
7.481
7.481
7.481
7.481
7.481
7.481
7.481
7.481
7.481
7.481
7.481
7.481
7.481
7.481
7.481
7.481
7.481
7.481
7.481
7.481
7.481
7.481
7.481
7.481
7.481
7.481
7.481
7.481
7.481
7.481
7.481
7.481
7.481
7.481
7.481
7.481
7.481
7.481
7.481
7.481
7.481
7.481
7.481
7.481
7.481
7.481
7.481
7.481
7.481
7.481
7.481
7.481
7.481
7.481
7.481
7.481
7.481
7.481
7.481
7.481
7.481
7.481
7.481
7.481
7.481
7.481
7.481
7.481
7.481
7.481
7.481
7.481
7.481
7.481
7.481
7.481
7.481
7.481
7.481
7.481
7.481
7.481
7.481
7.481
7.481
7.481
7.481
7.481
7.481
7.481
7.481
7.481
7.481
7.481
7.481
7.481
7.481
7.481
7.481
7.481
7.481
7.481
7.481
7.481
7.481
7.481
7.481
7.481
7.481
7.481
7.481
7.481
7.481
7.481
7.481
7.481
7.481
7.481
7.481
7.481
7.481
7.481
7.481
7.481
7.481
7.481
7.481
7.481
7.481
7.481
7.497
7.497
7.497
7.497
7.497
7.497
7.497
7.497
7.497
7.497
7.497
7.497
7.497
7.497
7.497
7.497
7.497
7.497
7.497
7.497
7.497
7.497
7.497
7.497
7.497
7.497
7.497
7.497
7.497
7.497
7.497
7.497
7.497
7.497
7.497
7.497
7.497
7.497
7.497
7.497
7.497
7.497
7.497
7.497
7.497
7.497
7.497
7.497
7.497
7.497
7.497
7.497
7.497
7.497
7.497
7.497
7.497
7.497
7.497
7.497
7.497
7.497
7.497
7.497
7.497
7.497
7.497
7.497
7.497
7.497
7.497
7.497
7.497
7.497
7.497
7.497
7.497
7.497
7.497
7.497
7.497
7.497
7.497
7.497
7.497
7.497
7.497
7.497
7.497
7.497
7.497
7.497
7.497
7.497
7.497
7.497
7.497
7.497
7.497
7.497
7.497
7.497
7.497
7.497
7.497
7.497
7.497
7.497
7.497
7.497
7.497
7.497
7.497
7.497
7.497
7.497
7.497
7.497
7.497
7.497
7.497
7.497
7.497
7.497
7.497
7.497
7.497
7.497
7.497
7.497
7.497
7.497
7.497
7.497
7.497
7.497
7.497
7.497
7.497
7.497
7.497
7.497
7.497
7.497
7.497
7.497
7.497
7.497
7.497
7.497
7.497
7.497
7.497
7.497
7.497
7.497
7.497
7.497
7.497
7.497
7.497
7.497
7.497
7.497
7.497
7.497
7.497
7.497
7.497
7.497
7.497
7.497
7.497
7.497
7.497
7.497
7.497
7.497
7.497
7.497
7.497
7.497
7.497
7.497
7.497
7.497
7.497
7.497
7.497
7.497
7.497
7.497
7.497
7.497
7.497
7.497
7.497
7.497
7.497
7.497
7.497
7.497
7.497
7.497
7.497
7.497
7.497
7.497
7.497
7.497
7.497
7.497
7.497
7.497
7.497
7.497
7.497
7.497
7.497
7.510
7.510
7.510
7.510
7.510
7.510
7.510
7.511
7.511
7.511
7.511
7.511
7.511
7.511
7.511
7.511
7.511
7.511
7.511
7.511
7.511
7.511
7.511
7.511
7.513
7.513
7.513
7.513
7.513
7.513
7.513
7.513
7.513
7.513
7.513
7.513
7.513
7.513
7.513
7.513
7.513
7.513
7.513
7.513
7.513
7.513
7.513
7.513
7.513
7.513
7.513
7.513
7.513
7.513
7.513
7.513
7.513
7.513
7.513
7.513
7.513
7.513
7.513
7.513
7.513
7.513
7.513
7.513
7.513
7.513
7.513
7.513
7.513
7.513
7.513
7.513
7.513
7.513
7.513
7.513
7.513
7.513
7.513
7.513
7.513
7.513
7.513
7.513
7.513
7.513
7.513
7.513
7.513
7.513
7.513
7.513
7.513
7.513
7.513
7.513
7.513
7.513
7.513
7.513
7.513
7.513
7.513
7.513
7.513
7.513
7.513
7.513
7.514
7.514
7.514
7.514
7.514
7.514
7.514
7.514
7.514
7.514
7.514
7.514
7.514
7.514
7.514
7.514
7.514
7.514
7.514
7.514
7.514
7.514
7.514
7.514
7.514
7.514
7.514
7.514
7.514
7.514
7.514
7.514
7.514
7.514
7.514
7.514
7.514
7.514
7.514
7.514
7.514
7.514
7.514
7.514
7.514
7.514
7.514
7.514
7.514
7.514
7.514
7.514
7.514
7.514
7.514
7.514
7.514
7.514
7.514
7.514
7.514
7.514
7.514
7.514
7.514
7.514
7.514
7.514
7.514
7.514
7.514
7.514
7.514
7.514
7.514
7.514
7.514
7.514
7.514
7.514
7.514
7.514
7.514
7.514
7.514
7.514
7.514
7.514
7.514
7.514
7.514
7.514
7.514
7.514
7.514
7.514
7.514
7.514
7.514
7.514
7.514
7.514
7.514
7.514
7.514
7.514
7.514
7.514
7.514
7.514
7.514
7.514
7.514
7.514
7.514
7.514
7.514
7.514
7.514
7.514
7.514
7.514
7.514
7.514
7.514
7.514
7.514
7.514
7.514
7.514
7.514
7.514
7.514
7.514
7.514
7.514
7.514
7.514
7.514
7.526
7.526
7.526
7.526
7.526
7.526
7.526
7.526
7.526
7.526
7.526
7.526
7.526
7.526
7.526
7.526
7.526
7.526
7.526
7.526
7.526
7.526
7.526
7.526
7.526
7.526
7.526
7.526
7.526
7.526
7.526
7.526
7.526
7.526
7.526
7.526
7.526
7.526
7.526
7.527
7.527
7.527
7.527
7.527
7.527
7.527
7.527
7.527
7.527
7.527
7.527
7.527
7.527
7.527
7.527
7.527
7.527
7.527
7.527
7.527
7.527
7.527
7.527
7.527
7.527
7.527
7.527
7.527
7.527
7.527
7.527
7.527
7.527
7.527
7.527
7.527
7.527
7.527
7.527
7.527
7.527
7.530
7.530
7.530
7.530
7.530
7.530
7.530
7.530
7.530
7.530
7.530



style="cursor:pointer;"><br>







